{
 "format":"WebEndfTabSect-0.1" 
 ,"now":"2024-01-18T08:49:24.000Z" 
 ,"program":"E4sGetTabSect, by V.Zerkin, IAEA-NDS, ver.2020-02-11" 
 ,"datasets": [
   { "id":"13652728_0" ,"FILE":"PENDF"
    ,"dataType":"Relative covariance matrix"
    ,"LIBRARY":"ENDF/B-VIII.0"
    ,"TARGET":"IR-193" ,"TEMP":293.16
    ,"NSUB":10 ,"MAT":7731 ,"MF":33 ,"MT":16
    ,"MAT1":0 ,"MT1":16
    ,"title":"Self covariance"
    ,"REACTION":"IR-193(N,2N)IR-192,COV/SIG"
    ,"xArray1units":"EV" ,"xArray1len":27
    ,"yArray1units":"EV" ,"yArray1len":27
    ,"zArray2units":"NO-DIM" ,"zArray2len":729
    ,"xArray1":[ 1.0E-5, 7992000.0, 8000000.0, 8500000.0, 9000000.0, 9500000.0, 1.0E7, 1.05E7, 1.1E7, 1.15E7
	, 1.2E7, 1.25E7, 1.3E7, 1.35E7, 1.4E7, 1.45E7, 1.5E7, 1.55E7, 1.6E7, 1.65E7
	, 1.7E7, 1.75E7, 1.8E7, 1.85E7, 1.9E7, 1.95E7, 2.0E7  ]
    ,"yArray1":[ 1.0E-5, 7992000.0, 8000000.0, 8500000.0, 9000000.0, 9500000.0, 1.0E7, 1.05E7, 1.1E7, 1.15E7
	, 1.2E7, 1.25E7, 1.3E7, 1.35E7, 1.4E7, 1.45E7, 1.5E7, 1.55E7, 1.6E7, 1.65E7
	, 1.7E7, 1.75E7, 1.8E7, 1.85E7, 1.9E7, 1.95E7, 2.0E7  ]
     ,"zArray2":[
	 [ 0.0, 0.0, 0.0, 0.0, 0.0, 0.0, 0.0, 0.0, 0.0, 0.0
	 , 0.0, 0.0, 0.0, 0.0, 0.0, 0.0, 0.0, 0.0, 0.0, 0.0
	 , 0.0, 0.0, 0.0, 0.0, 0.0, 0.0, 0.0]

	,[ 0.0, 0.25, 0.0, 0.0, 0.0, 0.0, 0.0, 0.0, 0.0, 0.0
	 , 0.0, 0.0, 0.0, 0.0, 0.0, 0.0, 0.0, 0.0, 0.0, 0.0
	 , 0.0, 0.0, 0.0, 0.0, 0.0, 0.0, 0.0]

	,[ 0.0, 0.0, 0.2306901, 0.1614515, 0.1515761, 0.1462612, 0.127279, 0.1159567, 0.09966358, 0.07850948
	 , 0.05690164, 0.03870284, 0.02323587, 0.01185321, 0.005274046, 0.002516457, -7.782084E-4, -0.003760983, -0.0064612, -0.006261571
	 , -0.001031606, 0.009581118, 0.02472187, 0.03629728, 0.047777, 0.05914319, 0.0]

	,[ 0.0, 0.0, 0.1614515, 0.1304726, 0.123767, 0.1185734, 0.1057024, 0.09546653, 0.08162005, 0.06351149
	 , 0.04596752, 0.03204097, 0.02005136, 0.01091707, 0.006098369, 0.003907242, 8.82795E-4, -0.003711515, -0.01043907, -0.0165991
	 , -0.01956815, -0.01538001, -0.007825155, 8.899627E-4, 0.009692365, 0.01885216, 0.0]

	,[ 0.0, 0.0, 0.1515761, 0.123767, 0.1175364, 0.112621, 0.1006646, 0.09102726, 0.0780341, 0.06095184
	 , 0.04442886, 0.03129715, 0.01996702, 0.01122112, 0.006628127, 0.004500607, 0.001538469, -0.002954558, -0.009594248, -0.01586369
	 , -0.01913073, -0.0155114, -0.008717085, -5.979796E-4, 0.007647921, 0.01624286, 0.0]

	,[ 0.0, 0.0, 0.1462612, 0.1185734, 0.112621, 0.1080458, 0.09662629, 0.08763828, 0.07548042, 0.05938231
	 , 0.04373151, 0.03116126, 0.0203006, 0.01179859, 0.007302054, 0.005189593, 0.002268202, -0.001939606, -0.008066439, -0.01384523
	 , -0.01666466, -0.01311583, -0.006516415, 0.001137699, 0.008957015, 0.01706115, 0.0]

	,[ 0.0, 0.0, 0.127279, 0.1057024, 0.1006646, 0.09662629, 0.08701591, 0.07920919, 0.06873997, 0.05462928
	 , 0.04093938, 0.02988392, 0.02026037, 0.01246969, 0.008387378, 0.006370461, 0.003555436, -4.840544E-4, -0.006490646, -0.01255283
	 , -0.01604771, -0.0136819, -0.008655128, -0.002196808, 0.004504012, 0.01148114, 0.0]

	,[ 0.0, 0.0, 0.1159567, 0.09546653, 0.09102726, 0.08763828, 0.07920919, 0.07268205, 0.06388899, 0.05171784
	 , 0.03976507, 0.02984147, 0.02114944, 0.01381241, 0.009920784, 0.007915636, 0.005150917, 0.001586292, -0.003588556, -0.008940802
	 , -0.01185804, -0.009851309, -0.005443223, 3.089965E-5, 0.005829669, 0.01180505, 0.0]

	,[ 0.0, 0.0, 0.09966358, 0.08162005, 0.0780341, 0.07548042, 0.06873997, 0.06388899, 0.05732274, 0.04772163
	 , 0.03810515, 0.02974093, 0.02232749, 0.01561371, 0.01200508, 0.01002219, 0.007317113, 0.004307186, 7.026605E-5, -0.004574811
	 , -0.007006485, -0.00566545, -0.002283921, 0.001837411, 0.006396294, 0.01102192, 0.0]

	,[ 0.0, 0.0, 0.07850948, 0.06351149, 0.06095184, 0.05938231, 0.05462928, 0.05171784, 0.04772163, 0.04121469
	 , 0.03445501, 0.02808994, 0.0223585, 0.01663075, 0.01349538, 0.01165126, 0.009152186, 0.006899977, 0.003912587, 3.386336E-4
	 , -0.001329011, -6.290916E-4, 0.001663947, 0.004240697, 0.007345619, 0.01039599, 0.0]

	,[ 0.0, 0.0, 0.05690164, 0.04596752, 0.04442886, 0.04373151, 0.04093938, 0.03976507, 0.03810515, 0.03445501
	 , 0.03039211, 0.02599047, 0.02192065, 0.01721477, 0.01460073, 0.01293561, 0.01066508, 0.009059251, 0.0070811, 0.004303324
	 , 0.003089088, 0.003044061, 0.004156829, 0.00528664, 0.007021039, 0.008612985, 0.0]

	,[ 0.0, 0.0, 0.03870284, 0.03204097, 0.03129715, 0.03116126, 0.02988392, 0.02984147, 0.02974093, 0.02808994
	 , 0.02599047, 0.02314052, 0.0204011, 0.0166353, 0.01453425, 0.01308915, 0.01108728, 0.009905216, 0.00851083, 0.006154285
	 , 0.00501917, 0.004331157, 0.004442514, 0.004557957, 0.005300716, 0.005866947, 0.0]

	,[ 0.0, 0.0, 0.02323587, 0.02005136, 0.01996702, 0.0203006, 0.02026037, 0.02114944, 0.02232749, 0.0223585
	 , 0.02192065, 0.0204011, 0.0188168, 0.01589832, 0.01425974, 0.01303185, 0.01128789, 0.01049927, 0.00965475, 0.00774618
	 , 0.00677455, 0.005618323, 0.004968273, 0.004262447, 0.00419267, 0.003918968, 0.0]

	,[ 0.0, 0.0, 0.01185321, 0.01091707, 0.01122112, 0.01179859, 0.01246969, 0.01381241, 0.01561371, 0.01663075
	 , 0.01721477, 0.0166353, 0.01589832, 0.01379083, 0.01259834, 0.0116334, 0.01023106, 0.009773212, 0.009372562, 0.007970528
	 , 0.007248635, 0.005975502, 0.004983891, 0.003879333, 0.003349983, 0.002613963, 0.0]

	,[ 0.0, 0.0, 0.005274046, 0.006098369, 0.006628127, 0.007302054, 0.008387378, 0.009920784, 0.01200508, 0.01349538
	 , 0.01460073, 0.01453425, 0.01425974, 0.01259834, 0.01166444, 0.0108516, 0.009633283, 0.009302796, 0.009030947, 0.007758425
	 , 0.007007092, 0.005583671, 0.004319793, 0.003006731, 0.002235885, 0.001270994, 0.0]

	,[ 0.0, 0.0, 0.002516457, 0.003907242, 0.004500607, 0.005189593, 0.006370461, 0.007915636, 0.01002219, 0.01165126
	 , 0.01293561, 0.01308915, 0.01303185, 0.0116334, 0.0108516, 0.01015244, 0.009065958, 0.008827269, 0.008664384, 0.007555337
	 , 0.006897968, 0.005519823, 0.004256652, 0.002928205, 0.002109326, 0.00110157, 0.0]

	,[ 0.0, 0.0, -7.782084E-4, 8.82795E-4, 0.001538469, 0.002268202, 0.003555436, 0.005150917, 0.007317113, 0.009152186
	 , 0.01066508, 0.01108728, 0.01128789, 0.01023106, 0.009633283, 0.009065958, 0.008165243, 0.008077266, 0.008128376, 0.007336147
	 , 0.006902137, 0.005646432, 0.004427343, 0.003074462, 0.002180942, 0.00109325, 0.0]

	,[ 0.0, 0.0, -0.003760983, -0.003711515, -0.002954558, -0.001939606, -4.840544E-4, 0.001586292, 0.004307186, 0.006899977
	 , 0.009059251, 0.009905216, 0.01049927, 0.009773212, 0.009302796, 0.008827269, 0.008077266, 0.008410226, 0.009230081, 0.0093815
	 , 0.009897858, 0.009017276, 0.008094887, 0.006519238, 0.005391002, 0.003991757, 0.0]

	,[ 0.0, 0.0, -0.0064612, -0.01043907, -0.009594248, -0.008066439, -0.006490646, -0.003588556, 7.026605E-5, 0.003912587
	 , 0.0070811, 0.00851083, 0.00965475, 0.009372562, 0.009030947, 0.008664384, 0.008128376, 0.009230081, 0.0115078, 0.01346636
	 , 0.01588585, 0.01584345, 0.01565994, 0.0137626, 0.01230526, 0.01041262, 0.0]

	,[ 0.0, 0.0, -0.006261571, -0.0165991, -0.01586369, -0.01384523, -0.01255283, -0.008940802, -0.004574811, 3.386336E-4
	 , 0.004303324, 0.006154285, 0.00774618, 0.007970528, 0.007758425, 0.007555337, 0.007336147, 0.0093815, 0.01346636, 0.01781874
	 , 0.02278885, 0.02410518, 0.02523177, 0.02325095, 0.02164462, 0.0194244, 0.0]

	,[ 0.0, 0.0, -0.001031606, -0.01956815, -0.01913073, -0.01666466, -0.01604771, -0.01185804, -0.007006485, -0.001329011
	 , 0.003089088, 0.00501917, 0.00677455, 0.007248635, 0.007007092, 0.006897968, 0.006902137, 0.009897858, 0.01588585, 0.02278885
	 , 0.03063799, 0.03363689, 0.0364987, 0.03464204, 0.03312226, 0.03076462, 0.0]

	,[ 0.0, 0.0, 0.009581118, -0.01538001, -0.0155114, -0.01311583, -0.0136819, -0.009851309, -0.00566545, -6.290916E-4
	 , 0.003044061, 0.004331157, 0.005618323, 0.005975502, 0.005583671, 0.005519823, 0.005646432, 0.009017276, 0.01584345, 0.02410518
	 , 0.03363689, 0.03806117, 0.04252202, 0.04135352, 0.04045691, 0.03859716, 0.0]

	,[ 0.0, 0.0, 0.02472187, -0.007825155, -0.008717085, -0.006516415, -0.008655128, -0.005443223, -0.002283921, 0.001663947
	 , 0.004156829, 0.004442514, 0.004968273, 0.004983891, 0.004319793, 0.004256652, 0.004427343, 0.008094887, 0.01565994, 0.02523177
	 , 0.0364987, 0.04252202, 0.04887987, 0.04864335, 0.04860619, 0.04750979, 0.0]

	,[ 0.0, 0.0, 0.03629728, 8.899627E-4, -5.979796E-4, 0.001137699, -0.002196808, 3.089965E-5, 0.001837411, 0.004240697
	 , 0.00528664, 0.004557957, 0.004262447, 0.003879333, 0.003006731, 0.002928205, 0.003074462, 0.006519238, 0.0137626, 0.02325095
	 , 0.03464204, 0.04135352, 0.04864335, 0.04929981, 0.05008605, 0.04984064, 0.0]

	,[ 0.0, 0.0, 0.047777, 0.009692365, 0.007647921, 0.008957015, 0.004504012, 0.005829669, 0.006396294, 0.007345619
	 , 0.007021039, 0.005300716, 0.00419267, 0.003349983, 0.002235885, 0.002109326, 0.002180942, 0.005391002, 0.01230526, 0.02164462
	 , 0.03312226, 0.04045691, 0.04860619, 0.05008605, 0.05165888, 0.05220404, 0.0]

	,[ 0.0, 0.0, 0.05914319, 0.01885216, 0.01624286, 0.01706115, 0.01148114, 0.01180505, 0.01102192, 0.01039599
	 , 0.008612985, 0.005866947, 0.003918968, 0.002613963, 0.001270994, 0.00110157, 0.00109325, 0.003991757, 0.01041262, 0.0194244
	 , 0.03076462, 0.03859716, 0.04750979, 0.04984064, 0.05220404, 0.05360654, 0.0]

	,[ 0.0, 0.0, 0.0, 0.0, 0.0, 0.0, 0.0, 0.0, 0.0, 0.0
	 , 0.0, 0.0, 0.0, 0.0, 0.0, 0.0, 0.0, 0.0, 0.0, 0.0
	 , 0.0, 0.0, 0.0, 0.0, 0.0, 0.0, 0.0]
	 ]
   }
 ]
}
